%YAML:1.0
R: !!opencv-matrix
   rows: 3
   cols: 3
   dt: d
   data: [ 9.9312652247597333e-01, -1.8915601887085364e-02,
       1.1550718748211913e-01, 1.7665711030937382e-02,
       9.9977390098992291e-01, 1.1835098358836052e-02,
       -1.1570493943022286e-01, -9.7132334802165262e-03,
       9.9323613510927367e-01 ]
T: !!opencv-matrix
   rows: 3
   cols: 1
   dt: d
   data: [ -2.0122312546178960e+00, -1.0647766895858581e-02,
       2.4891285799371596e-01 ]
R1: !!opencv-matrix
   rows: 3
   cols: 3
   dt: d
   data: [ 9.9989778975558374e-01, -1.2329604593874497e-02,
       -7.2381553214180411e-03, 1.2371321168028932e-02,
       9.9990695558639409e-01, 5.7472238956304406e-03,
       7.1666208533549894e-03, -5.8361820146166825e-03,
       9.9995728835037578e-01 ]
R2: !!opencv-matrix
   rows: 3
   cols: 3
   dt: d
   data: [ 9.9242217769956198e-01, 5.2514242516484158e-03,
       -1.2276255028871028e-01, -5.9637090579474908e-03,
       9.9996744475848709e-01, -5.4354022348181109e-03,
       1.2273001012112350e-01, 6.1263338556847829e-03,
       9.9242118712226091e-01 ]
P1: !!opencv-matrix
   rows: 3
   cols: 4
   dt: d
   data: [ 8.0492979387315518e+02, 0., 3.8326495552062988e+02, 0., 0.,
       8.0492979387315518e+02, 2.1533009147644043e+02, 0., 0., 0., 1.,
       0. ]
P2: !!opencv-matrix
   rows: 3
   cols: 4
   dt: d
   data: [ 8.0492979387315518e+02, 0., 3.8326495552062988e+02,
       -1.6320724439665230e+03, 0., 8.0492979387315518e+02,
       2.1533009147644043e+02, 0., 0., 0., 1., 0. ]
Q: !!opencv-matrix
   rows: 4
   cols: 4
   dt: d
   data: [ 1., 0., 0., -3.8326495552062988e+02, 0., 1., 0.,
       -2.1533009147644043e+02, 0., 0., 0., 8.0492979387315518e+02, 0.,
       0., 4.9319489269537953e-01, 0. ]
