%YAML:1.0
M1: !!opencv-matrix
   rows: 3
   cols: 3
   dt: d
   data: [ 1.0371859687195195e+03, 0., 3.0783005470302260e+02, 0.,
       1.0371859687195195e+03, 2.1430043490847243e+02, 0., 0., 1. ]
D1: !!opencv-matrix
   rows: 1
   cols: 14
   dt: d
   data: [ -1.7201228437782181e-02, -5.1594522502275426e+00, 0., 0., 0.,
       0., 0., -3.5252404528619145e+01, 0., 0., 0., 0., 0., 0. ]
M2: !!opencv-matrix
   rows: 3
   cols: 3
   dt: d
   data: [ 1.0371859687195195e+03, 0., 3.1059505075630790e+02, 0.,
       1.0371859687195195e+03, 2.1649938486130517e+02, 0., 0., 1. ]
D2: !!opencv-matrix
   rows: 1
   cols: 14
   dt: d
   data: [ -1.2356093604577961e-01, -2.1090390199505684e+00, 0., 0., 0.,
       0., 0., -6.2893470543000918e+00, 0., 0., 0., 0., 0., 0. ]
